m = 0.7227;
l = 0.22414;
k_T = 3e-4;
k_M = 8e-5;
lxx = 3.426e-5;
lyy = 2.00298e-3;
lzz = 2.01834e-3;